16 1 5 1 10 0.7452499866485596
16 1 5 1 25 0.7547500133514404
16 1 5 1 50 0.7770000100135803
16 1 5 2 10 0.7245000004768372
16 1 5 2 25 0.7622500061988831
16 1 5 2 50 0.7582499980926514
16 1 5 3 10 0.7112500071525574
16 1 5 3 25 0.7587500214576721
16 1 5 3 50 0.7565000057220459
24 1 5 1 10 0.7582499980926514
24 1 5 1 25 0.778249979019165
24 1 5 1 50 0.7627500295639038
24 1 5 2 10 0.6330000162124634
24 1 5 2 25 0.7732499837875366
24 1 5 2 50 0.7762500047683716
24 1 5 3 10 0.6974999904632568
24 1 5 3 25 0.7615000009536743
24 1 5 3 50 0.7645000219345093
32 1 5 1 10 0.7429999709129333
32 1 5 1 25 0.7699999809265137
32 1 5 1 50 0.7702500224113464
32 1 5 2 10 0.750249981880188
32 1 5 2 25 0.7862499952316284
32 1 5 2 50 0.7797499895095825
32 1 5 3 10 0.7515000104904175
32 1 5 3 25 0.7914999723434448
32 1 5 3 50 0.7164999842643738
16 2 5 1 10 0.753250002861023
16 2 5 1 25 0.8034999966621399
16 2 5 1 50 0.8227499723434448
16 2 5 2 10 0.7152500152587891
16 2 5 2 25 0.5385000109672546
16 2 5 2 50 0.8307499885559082
16 2 5 3 10 0.6757500171661377
16 2 5 3 25 0.8004999756813049
16 2 5 3 50 0.8102499842643738
24 2 5 1 10 0.8052499890327454
24 2 5 1 25 0.8367499709129333
24 2 5 1 50 0.8169999718666077
24 2 5 2 10 0.7892500162124634
24 2 5 2 25 0.8232499957084656
24 2 5 2 50 0.8274999856948853
24 2 5 3 10 0.7960000038146973
24 2 5 3 25 0.7942500114440918
24 2 5 3 50 0.8267499804496765
32 2 5 1 10 0.7827500104904175
32 2 5 1 25 0.840749979019165
32 2 5 1 50 0.8429999947547913
32 2 5 2 10 0.7684999704360962
32 2 5 2 25 0.8395000100135803
32 2 5 2 50 0.8252500295639038
32 2 5 3 10 0.7799999713897705
32 2 5 3 25 0.827750027179718
32 2 5 3 50 0.812250018119812
16 3 5 1 10 EXCEPTION
16 3 5 1 25 EXCEPTION
16 3 5 1 50 EXCEPTION
16 3 5 2 10 EXCEPTION
16 3 5 2 25 EXCEPTION
16 3 5 2 50 EXCEPTION
16 3 5 3 10 EXCEPTION
16 3 5 3 25 EXCEPTION
16 3 5 3 50 EXCEPTION
24 3 5 1 10 EXCEPTION
24 3 5 1 25 EXCEPTION
24 3 5 1 50 EXCEPTION
24 3 5 2 10 EXCEPTION
24 3 5 2 25 EXCEPTION
24 3 5 2 50 EXCEPTION
24 3 5 3 10 EXCEPTION
24 3 5 3 25 EXCEPTION
24 3 5 3 50 EXCEPTION
32 3 5 1 10 EXCEPTION
32 3 5 1 25 EXCEPTION
32 3 5 1 50 EXCEPTION
32 3 5 2 10 EXCEPTION
32 3 5 2 25 EXCEPTION
32 3 5 2 50 EXCEPTION
32 3 5 3 10 EXCEPTION
32 3 5 3 25 EXCEPTION
32 3 5 3 50 EXCEPTION
killed