
4 1 5 1 10 0.6600000262260437
4 1 5 1 25 0.6912500262260437
4 1 5 1 50 0.6997500061988831
4 1 5 2 10 0.6549999713897705
4 1 5 2 25 0.65625
4 1 5 2 50 0.7235000133514404
4 1 5 3 10 0.6297500133514404
4 1 5 3 25 0.659500002861023
4 1 5 3 50 0.731249988079071
8 1 5 1 10 0.6974999904632568
8 1 5 1 25 0.7127500176429749
8 1 5 1 50 0.7557500004768372
8 1 5 2 10 0.6980000138282776
8 1 5 2 25 0.7487499713897705
8 1 5 2 50 0.7574999928474426
8 1 5 3 10 0.671500027179718
8 1 5 3 25 0.7327499985694885
8 1 5 3 50 0.731249988079071
12 1 5 1 10 0.6769999861717224
12 1 5 1 25 0.7492499947547913
12 1 5 1 50 0.7727500200271606
12 1 5 2 10 0.7089999914169312
12 1 5 2 25 0.7774999737739563
12 1 5 2 50 0.7702500224113464
12 1 5 3 10 0.6212499737739563
12 1 5 3 25 0.7459999918937683
12 1 5 3 50 0.7754999995231628
4 2 5 1 10 0.6317499876022339
4 2 5 1 25 0.7329999804496765
4 2 5 1 50 0.7319999933242798
4 2 5 2 10 0.6072499752044678
4 2 5 2 25 0.684249997138977
4 2 5 2 50 0.7260000109672546
4 2 5 3 10 0.5377500057220459
4 2 5 3 25 0.6980000138282776
4 2 5 3 50 0.7397500276565552
8 2 5 1 10 0.6572499871253967
8 2 5 1 25 0.7747499942779541
8 2 5 1 50 0.7860000133514404
8 2 5 2 10 0.6757500171661377
8 2 5 2 25 0.7637500166893005
8 2 5 2 50 0.7875000238418579
8 2 5 3 10 0.7202500104904175
8 2 5 3 25 0.7695000171661377
8 2 5 3 50 0.7850000262260437
12 2 5 1 10 0.7319999933242798
12 2 5 1 25 0.7887499928474426
12 2 5 1 50 0.8112499713897705
12 2 5 2 10 0.7297499775886536
12 2 5 2 25 0.8034999966621399
12 2 5 2 50 0.7962499856948853
12 2 5 3 10 0.7197499871253967
12 2 5 3 25 0.7900000214576721
12 2 5 3 50 0.8084999918937683
4 3 5 1 10 EXCEPTION
4 3 5 1 25 EXCEPTION
4 3 5 1 50 EXCEPTION
4 3 5 2 10 EXCEPTION
4 3 5 2 25 EXCEPTION
4 3 5 2 50 EXCEPTION
4 3 5 3 10 EXCEPTION
4 3 5 3 25 EXCEPTION
4 3 5 3 50 EXCEPTION
8 3 5 1 10 EXCEPTION
8 3 5 1 25 EXCEPTION
8 3 5 1 50 EXCEPTION
8 3 5 2 10 EXCEPTION
8 3 5 2 25 EXCEPTION
8 3 5 2 50 EXCEPTION
8 3 5 3 10 EXCEPTION
8 3 5 3 25 EXCEPTION
8 3 5 3 50 EXCEPTION
12 3 5 1 10 EXCEPTION
12 3 5 1 25 EXCEPTION
12 3 5 1 50 EXCEPTION
12 3 5 2 10 EXCEPTION
12 3 5 2 25 EXCEPTION
12 3 5 2 50 EXCEPTION
12 3 5 3 10 EXCEPTION
12 3 5 3 25 EXCEPTION
12 3 5 3 50 EXCEPTION
killed