4 1 5 1 10 0.48429998755455017
4 1 5 1 25 0.49709999561309814
4 1 5 1 50 0.5325000286102295
4 1 5 2 10 0.4440999925136566
4 1 5 2 25 0.5034000277519226
4 1 5 2 50 0.5220999717712402
4 1 5 3 10 0.48570001125335693
4 1 5 3 25 0.5008999705314636
4 1 5 3 50 0.5235999822616577
8 1 5 1 10 0.5149000287055969
8 1 5 1 25 0.554099977016449
8 1 5 1 50 0.5787000060081482
8 1 5 2 10 0.5354999899864197
8 1 5 2 25 0.6025000214576721
8 1 5 2 50 0.5940999984741211
8 1 5 3 10 0.5249999761581421
8 1 5 3 25 0.5871000289916992
8 1 5 3 50 0.593999981880188
12 1 5 1 10 0.5343000292778015
12 1 5 1 25 0.35510000586509705
12 1 5 1 50 0.5981000065803528
12 1 5 2 10 0.529699981212616
12 1 5 2 25 0.5978000164031982
12 1 5 2 50 0.4916999936103821
12 1 5 3 10 0.49070000648498535
12 1 5 3 25 0.5595999956130981
12 1 5 3 50 0.5982000231742859
4 2 5 1 10 0.5059999823570251
4 2 5 1 25 0.5325999855995178
4 2 5 1 50 0.5497000217437744
4 2 5 2 10 0.4810999929904938
4 2 5 2 25 0.5353000164031982
4 2 5 2 50 0.5449000000953674
4 2 5 3 10 0.486299991607666
4 2 5 3 25 0.5135999917984009
4 2 5 3 50 0.534600019454956
8 2 5 1 10 0.5651999711990356
8 2 5 1 25 0.5968000292778015
8 2 5 1 50 0.640500009059906
8 2 5 2 10 0.5462999939918518
8 2 5 2 25 0.6019999980926514
8 2 5 2 50 0.6312000155448914
8 2 5 3 10 0.5527999997138977
8 2 5 3 25 0.5964000225067139
8 2 5 3 50 0.6194000244140625
12 2 5 1 10 0.6158999800682068
12 2 5 1 25 0.6100000143051147
12 2 5 1 50 0.6510999798774719
12 2 5 2 10 0.58160001039505
12 2 5 2 25 0.6473000049591064
12 2 5 2 50 0.6789000034332275
12 2 5 3 10 0.5699999928474426
12 2 5 3 25 0.6248000264167786
12 2 5 3 50 0.6496999859809875
4 3 5 1 10 EXCEPTION
4 3 5 1 25 EXCEPTION
4 3 5 1 50 EXCEPTION
4 3 5 2 10 EXCEPTION
4 3 5 2 25 EXCEPTION
4 3 5 2 50 EXCEPTION
4 3 5 3 10 EXCEPTION
4 3 5 3 25 EXCEPTION
4 3 5 3 50 EXCEPTION
8 3 5 1 10 EXCEPTION
8 3 5 1 25 EXCEPTION
8 3 5 1 50 EXCEPTION
8 3 5 2 10 EXCEPTION
8 3 5 2 25 EXCEPTION
8 3 5 2 50 EXCEPTION
8 3 5 3 10 EXCEPTION
8 3 5 3 25 EXCEPTION
8 3 5 3 50 EXCEPTION
12 3 5 1 10 EXCEPTION
12 3 5 1 25 EXCEPTION
12 3 5 1 50 EXCEPTION
12 3 5 2 10 EXCEPTION
12 3 5 2 25 EXCEPTION
12 3 5 2 50 EXCEPTION
12 3 5 3 10 EXCEPTION
12 3 5 3 25 EXCEPTION
12 3 5 3 50 EXCEPTION
killed